168.55 52692
167.90 52696
168.37 52700
169.38 52703
170.29 52707
168.99 52711
170.03 52715
170.87 52719
171.79 52723
171.05 52726
171.15 52730
173.04 52734
171.66 52738
172.73 52742
175.09 52746
176.88 52749
176.09 52753
174.85 52757
177.26 52761
173.76 52765
173.72 52769
176.11 52772
175.87 52776
175.91 52780
175.99 52784
177.13 52788
176.25 52792
177.82 52795
176.90 52799
177.97 52803
176.69 52807
177.58 52811
177.94 52815
178.34 52818
174.20 52822
-169.36 52826
-179.44 52830
-179.48 52834
-178.51 52838
178.30 52841
175.46 52845
-178.00 52849
178.99 52853
175.52 52857
177.43 52861
-171.85 52864
-177.00 52868
-176.99 52872
-170.43 52876
-179.43 52880
-169.07 52884
-177.18 52887
-169.95 52891
-166.33 52895
-176.72 52899
-162.20 52903
-174.22 52907
-148.33 52911
-164.90 52914
180.00 52918
-151.73 52922
-161.69 52926
-172.21 52930
-141.34 52934
-169.73 52937
-146.25 52941
-161.85 52945
-150.78 52949
-134.51 52953
-151.34 52957
-136.34 52961
-148.70 52964
-129.15 52968
-132.04 52972
-152.50 52976
-119.19 52980
-128.77 52984
-124.08 52987
-108.32 52991
-109.81 52995
-120.15 52999
-85.59 53003
-87.02 53007
-101.29 53011
18.00 53014
-67.99 53018
-74.40 53022
44.07 53026
-82.78 53030
-85.71 53034
-42.09 53037
-4.50 53041
-61.48 53045
27.14 53049
-53.70 53053
-24.97 53057
-16.80 53061
-29.27 53064
-28.09 53068
-88.67 53072
-30.85 53076
27.54 53080
-71.98 53084
-80.24 53087
-9.70 53091
-155.73 53095
108.89 53099
124.80 53103
44.19 53107
-99.61 53110
-86.69 53114
140.01 53118
108.67 53122
70.02 53126
24.06 53130
-32.54 53133
151.27 53137
71.51 53141
-155.15 53145
-0.52 53149
-53.19 53153
30.33 53156
-26.69 53160
-51.54 53164
-120.49 53168
43.24 53172
-118.31 53176
-109.17 53180
131.58 53183
109.57 53187
116.14 53191
-15.47 53195
35.63 53199
-55.85 53203
92.09 53206
-69.34 53210
56.46 53214
128.78 53218
135.58 53222
109.55 53226
-85.39 53229
115.84 53233
-62.09 53237
107.85 53241
-43.61 53245
142.22 53249
119.84 53252
135.29 53256
114.51 53260
135.04 53264
135.94 53268
129.17 53272
121.12 53275
125.08 53279
136.67 53283
110.90 53287
129.81 53291
117.00 53294
80.17 53298
129.40 53302
-2.88 53306
156.47 53310
112.29 53314
119.55 53318
120.11 53321
111.24 53325
117.92 53329
58.01 53333
135.84 53337
88.76 53340
107.69 53344
118.78 53348
128.34 53352
105.05 53356
118.60 53360
131.75 53363
128.00 53367
115.83 53371
129.72 53375
127.87 53379
112.68 53383
115.19 53386
123.22 53390
110.64 53394
109.10 53398
121.71 53402
117.01 53406
105.04 53410
104.71 53413
116.07 53417
116.84 53421
116.04 53425
110.51 53429
114.24 53433
113.70 53436
115.48 53440
121.11 53444
122.16 53448
119.66 53452
110.90 53456
116.36 53459
118.80 53463
124.42 53467
114.30 53471

